              precision    recall  f1-score   support

           0     0.0000    0.0000    0.0000         6
           1     0.1481    0.6667    0.2424         6
           2     0.1429    0.1250    0.1333         8
           3     0.3333    0.1111    0.1667         9
           4     0.0000    0.0000    0.0000         7
           5     0.0000    0.0000    0.0000         7
           6     0.1765    0.5000    0.2609         6
           7     0.0000    0.0000    0.0000         5
           8     0.0000    0.0000    0.0000        12
           9     0.0000    0.0000    0.0000         9

    accuracy                         0.1200        75
   macro avg     0.0801    0.1403    0.0803        75
weighted avg     0.0812    0.1200    0.0745        75
