              precision    recall  f1-score   support

           0     0.1871    0.4815    0.2694       108
           1     0.2581    0.0952    0.1391        84
           2     0.4000    0.0323    0.0597        62
           3     0.1458    0.0921    0.1129        76
           4     0.5294    0.1525    0.2368        59
           5     0.1636    0.2000    0.1800        45
           6     0.4000    0.0541    0.0952        37
           7     0.2340    0.2683    0.2500        41
           8     0.1824    0.3913    0.2488        69
           9     0.1905    0.0541    0.0842        74

    accuracy                         0.2000       655
   macro avg     0.2691    0.1821    0.1676       655
weighted avg     0.2556    0.2000    0.1715       655
