              precision    recall  f1-score   support

           0     0.2432    0.2368    0.2400        76
           1     0.2875    0.4259    0.3433        54
           2     0.2255    0.2949    0.2556        78
           3     0.6875    0.1833    0.2895        60
           4     0.3922    0.4255    0.4082        47
           5     0.2727    0.0857    0.1304        35
           6     0.2549    0.3421    0.2921        38
           7     0.3000    0.3947    0.3409        76
           8     0.2727    0.1974    0.2290        76

    accuracy                         0.2889       540
   macro avg     0.3262    0.2874    0.2810       540
weighted avg     0.3223    0.2889    0.2819       540
