              precision    recall  f1-score   support

           0     0.1914    0.2870    0.2296       108
           1     0.3333    0.2619    0.2933        84
           2     0.3421    0.2097    0.2600        62
           3     0.1818    0.1579    0.1690        76
           4     0.4103    0.2712    0.3265        59
           5     0.2600    0.2889    0.2737        45
           6     0.3077    0.1081    0.1600        37
           7     0.2727    0.2195    0.2432        41
           8     0.2766    0.3768    0.3190        69
           9     0.2872    0.3649    0.3214        74

    accuracy                         0.2641       655
   macro avg     0.2863    0.2546    0.2596       655
weighted avg     0.2786    0.2641    0.2621       655
