              precision    recall  f1-score   support

           0     0.1667    0.1667    0.1667         6
           1     0.0870    1.0000    0.1600         6
           2     0.0000    0.0000    0.0000         8
           3     0.0000    0.0000    0.0000         9
           4     0.0000    0.0000    0.0000         7
           5     0.0000    0.0000    0.0000         7
           6     0.0000    0.0000    0.0000         6
           7     0.0000    0.0000    0.0000         5
           8     0.0000    0.0000    0.0000        12
           9     0.0000    0.0000    0.0000         9

    accuracy                         0.0933        75
   macro avg     0.0254    0.1167    0.0327        75
weighted avg     0.0203    0.0933    0.0261        75
