              precision    recall  f1-score   support

           0     0.1351    0.1389    0.1370       108
           1     0.1429    0.0119    0.0220        84
           2     0.0000    0.0000    0.0000        62
           3     0.1094    0.2763    0.1567        76
           4     0.8000    0.1356    0.2319        59
           5     0.2353    0.3556    0.2832        45
           6     0.3636    0.1081    0.1667        37
           7     0.3333    0.0488    0.0851        41
           8     0.1970    0.5652    0.2921        69
           9     0.2041    0.1351    0.1626        74

    accuracy                         0.1771       655
   macro avg     0.2521    0.1775    0.1537       655
weighted avg     0.2267    0.1771    0.1478       655
