              precision    recall  f1-score   support

           0     0.3016    0.2500    0.2734        76
           1     0.1795    0.2593    0.2121        54
           2     0.2361    0.2179    0.2267        78
           3     0.4750    0.3167    0.3800        60
           4     0.3833    0.4894    0.4299        47
           5     0.2353    0.1143    0.1538        35
           6     0.2340    0.2895    0.2588        38
           7     0.4157    0.4868    0.4485        76
           8     0.3378    0.3289    0.3333        76

    accuracy                         0.3130       540
   macro avg     0.3109    0.3059    0.3018       540
weighted avg     0.3184    0.3130    0.3103       540
