              precision    recall  f1-score   support

           0     0.1408    0.4444    0.2138       108
           1     0.2245    0.1310    0.1654        84
           2     0.0000    0.0000    0.0000        62
           3     0.0000    0.0000    0.0000        76
           4     0.8000    0.0678    0.1250        59
           5     0.1667    0.0222    0.0392        45
           6     0.6667    0.0541    0.1000        37
           7     0.2364    0.3171    0.2708        41
           8     0.1481    0.2899    0.1961        69
           9     0.1628    0.0946    0.1197        74

    accuracy                         0.1618       655
   macro avg     0.2546    0.1421    0.1230       655
weighted avg     0.2220    0.1618    0.1272       655
