              precision    recall  f1-score   support

           0     0.3333    0.1667    0.2222         6
           1     0.2000    0.3333    0.2500         6
           2     0.4000    0.2500    0.3077         8
           3     0.3636    0.4444    0.4000         9
           4     1.0000    0.2857    0.4444         7
           5     0.2000    0.2857    0.2353         7
           6     0.5000    0.5000    0.5000         6
           7     0.0909    0.2000    0.1250         5
           8     0.6667    0.3333    0.4444        12
           9     0.2727    0.3333    0.3000         9

    accuracy                         0.3200        75
   macro avg     0.4027    0.3133    0.3229        75
weighted avg     0.4264    0.3200    0.3375        75
