              precision    recall  f1-score   support

           0     0.0000    0.0000    0.0000         6
           1     0.2500    0.3333    0.2857         6
           2     0.5000    0.2500    0.3333         8
           3     0.3571    0.5556    0.4348         9
           4     0.5000    0.2857    0.3636         7
           5     0.2000    0.2857    0.2353         7
           6     0.7500    0.5000    0.6000         6
           7     0.0000    0.0000    0.0000         5
           8     0.6250    0.4167    0.5000        12
           9     0.2222    0.2222    0.2222         9

    accuracy                         0.3067        75
   macro avg     0.3404    0.2849    0.2975        75
weighted avg     0.3682    0.3067    0.3212        75
