              precision    recall  f1-score   support

           0     0.2118    0.5000    0.2975       108
           1     0.3043    0.1667    0.2154        84
           2     0.2500    0.1452    0.1837        62
           3     0.1714    0.0789    0.1081        76
           4     0.5556    0.1695    0.2597        59
           5     0.3030    0.2222    0.2564        45
           6     0.2000    0.0270    0.0476        37
           7     0.2000    0.2683    0.2292        41
           8     0.1773    0.3623    0.2381        69
           9     0.2903    0.1216    0.1714        74

    accuracy                         0.2275       655
   macro avg     0.2664    0.2062    0.2007       655
weighted avg     0.2637    0.2275    0.2091       655
