              precision    recall  f1-score   support

           0     0.5000    0.8333    0.6250         6
           1     0.3333    0.3333    0.3333         6
           2     0.5455    0.7500    0.6316         8
           3     0.6000    0.6667    0.6316         9
           4     0.6000    0.8571    0.7059         7
           5     0.3750    0.4286    0.4000         7
           6     1.0000    0.1667    0.2857         6
           7     0.0000    0.0000    0.0000         5
           8     0.6667    0.5000    0.5714        12
           9     0.0000    0.0000    0.0000         9

    accuracy                         0.4667        75
   macro avg     0.4620    0.4536    0.4185        75
weighted avg     0.4745    0.4667    0.4373        75
