              precision    recall  f1-score   support

           0     0.0000    0.0000    0.0000        76
           1     0.0000    0.0000    0.0000        54
           2     0.0000    0.0000    0.0000        78
           3     0.0000    0.0000    0.0000        60
           4     0.0000    0.0000    0.0000        47
           5     0.0000    0.0000    0.0000        35
           6     0.0000    0.0000    0.0000        38
           7     0.1415    1.0000    0.2480        76
           8     0.0000    0.0000    0.0000        76

    accuracy                         0.1407       540
   macro avg     0.0157    0.1111    0.0276       540
weighted avg     0.0199    0.1407    0.0349       540
