              precision    recall  f1-score   support

           1     0.8824    1.0000    0.9375        15
           2     0.5500    0.7333    0.6286        15
           3     0.7333    0.7333    0.7333        15
           4     0.4375    0.4667    0.4516        15
           5     0.0000    0.0000    0.0000        15
           6     1.0000    0.6667    0.8000        15
           7     0.5000    0.5333    0.5161        15
           8     0.6000    1.0000    0.7500        15
           9     0.9375    1.0000    0.9677        15

    accuracy                         0.6815       135
   macro avg     0.6267    0.6815    0.6428       135
weighted avg     0.6267    0.6815    0.6428       135
