              precision    recall  f1-score   support

           1     1.0000    1.0000    1.0000        15
           2     0.7857    0.7333    0.7586        15
           3     0.8889    0.5333    0.6667        15
           4     0.6429    0.6000    0.6207        15
           5     0.7500    1.0000    0.8571        15
           6     0.6875    0.7333    0.7097        15
           7     0.8333    0.6667    0.7407        15
           8     0.7500    1.0000    0.8571        15
           9     1.0000    1.0000    1.0000        15

    accuracy                         0.8074       135
   macro avg     0.8154    0.8074    0.8012       135
weighted avg     0.8154    0.8074    0.8012       135
