              precision    recall  f1-score   support

           1     0.0000    0.0000    0.0000        15
           2     0.0000    0.0000    0.0000        15
           3     0.1765    1.0000    0.3000        15
           4     0.0000    0.0000    0.0000        15
           5     0.0000    0.0000    0.0000        15
           6     0.0000    0.0000    0.0000        15
           7     0.0000    0.0000    0.0000        15
           8     0.5238    0.7333    0.6111        15
           9     0.5172    1.0000    0.6818        15

    accuracy                         0.3037       135
   macro avg     0.1353    0.3037    0.1770       135
weighted avg     0.1353    0.3037    0.1770       135
