              precision    recall  f1-score   support

           0     0.6250    0.8333    0.7143         6
           1     0.4286    0.5000    0.4615         6
           2     0.4545    0.6250    0.5263         8
           3     0.6364    0.7778    0.7000         9
           4     0.5000    0.7143    0.5882         7
           5     0.1667    0.1429    0.1538         7
           6     0.5000    0.1667    0.2500         6
           7     0.2500    0.2000    0.2222         5
           8     0.6667    0.3333    0.4444        12
           9     0.1000    0.1111    0.1053         9

    accuracy                         0.4400        75
   macro avg     0.4328    0.4404    0.4166        75
weighted avg     0.4467    0.4400    0.4220        75
