              precision    recall  f1-score   support

           0     0.1931    0.4167    0.2639       108
           1     0.2805    0.2738    0.2771        84
           2     0.2258    0.1129    0.1505        62
           3     0.0800    0.0263    0.0396        76
           4     0.0000    0.0000    0.0000        59
           5     0.1020    0.2222    0.1399        45
           6     0.5000    0.1081    0.1778        37
           7     0.1358    0.2683    0.1803        41
           8     0.2698    0.2464    0.2576        69
           9     0.3235    0.1486    0.2037        74

    accuracy                         0.1985       655
   macro avg     0.2111    0.1823    0.1690       655
weighted avg     0.2072    0.1985    0.1790       655
