              precision    recall  f1-score   support

           1     0.5172    1.0000    0.6818        15
           2     0.1818    0.1333    0.1538        15
           3     0.2174    0.3333    0.2632        15
           4     0.0000    0.0000    0.0000        15
           5     0.1034    0.2000    0.1364        15
           6     0.0000    0.0000    0.0000        15
           7     0.2222    0.2667    0.2424        15
           8     1.0000    0.0667    0.1250        15
           9     1.0000    1.0000    1.0000        15

    accuracy                         0.3333       135
   macro avg     0.3602    0.3333    0.2892       135
weighted avg     0.3602    0.3333    0.2892       135
