              precision    recall  f1-score   support

           1     1.0000    1.0000    1.0000        15
           2     0.4706    0.5333    0.5000        15
           3     0.8333    0.6667    0.7407        15
           4     0.5000    0.4667    0.4828        15
           5     0.8824    1.0000    0.9375        15
           6     0.6000    0.6000    0.6000        15
           7     0.8462    0.7333    0.7857        15
           8     0.8235    0.9333    0.8750        15
           9     1.0000    1.0000    1.0000        15

    accuracy                         0.7704       135
   macro avg     0.7729    0.7704    0.7691       135
weighted avg     0.7729    0.7704    0.7691       135
