              precision    recall  f1-score   support

           0     0.2903    0.2368    0.2609        76
           1     0.1585    0.2407    0.1912        54
           2     0.1524    0.2051    0.1749        78
           3     0.8750    0.1167    0.2059        60
           4     0.1667    0.0426    0.0678        47
           5     1.0000    0.0286    0.0556        35
           6     0.1849    0.5789    0.2803        38
           7     0.3294    0.3684    0.3478        76
           8     0.2879    0.2500    0.2676        76

    accuracy                         0.2333       540
   macro avg     0.3828    0.2298    0.2058       540
weighted avg     0.3552    0.2333    0.2198       540
