              precision    recall  f1-score   support

           0     0.2222    0.3333    0.2667         6
           1     0.2727    0.5000    0.3529         6
           2     0.4444    0.5000    0.4706         8
           3     0.2857    0.4444    0.3478         9
           4     0.4000    0.5714    0.4706         7
           5     0.1667    0.1429    0.1538         7
           6     0.2500    0.1667    0.2000         6
           7     0.0000    0.0000    0.0000         5
           8     0.6000    0.2500    0.3529        12
           9     0.0000    0.0000    0.0000         9

    accuracy                         0.2933        75
   macro avg     0.2642    0.2909    0.2615        75
weighted avg     0.2902    0.2933    0.2723        75
