              precision    recall  f1-score   support

           1     1.0000    1.0000    1.0000        15
           2     1.0000    1.0000    1.0000        15
           3     1.0000    1.0000    1.0000        15
           4     1.0000    1.0000    1.0000        15
           5     1.0000    1.0000    1.0000        15
           6     1.0000    1.0000    1.0000        15
           7     1.0000    1.0000    1.0000        15
           8     1.0000    1.0000    1.0000        15
           9     1.0000    1.0000    1.0000        15

    accuracy                         1.0000       135
   macro avg     1.0000    1.0000    1.0000       135
weighted avg     1.0000    1.0000    1.0000       135
