              precision    recall  f1-score   support

           1     1.0000    1.0000    1.0000        15
           2     0.4118    0.4667    0.4375        15
           3     0.9091    0.6667    0.7692        15
           4     0.5294    0.6000    0.5625        15
           5     0.8824    1.0000    0.9375        15
           6     0.6667    0.5333    0.5926        15
           7     0.8571    0.8000    0.8276        15
           8     0.8235    0.9333    0.8750        15
           9     1.0000    1.0000    1.0000        15

    accuracy                         0.7778       135
   macro avg     0.7867    0.7778    0.7780       135
weighted avg     0.7867    0.7778    0.7780       135
