              precision    recall  f1-score   support

           0     0.1818    0.0789    0.1101        76
           1     0.0000    0.0000    0.0000        54
           2     0.1818    0.0256    0.0449        78
           3     0.5000    0.0333    0.0625        60
           4     0.5000    0.0426    0.0784        47
           5     0.0000    0.0000    0.0000        35
           6     0.1250    0.5263    0.2020        38
           7     0.1402    0.5000    0.2190        76
           8     0.1818    0.1316    0.1527        76

    accuracy                         0.1481       540
   macro avg     0.2012    0.1487    0.0966       540
weighted avg     0.2050    0.1481    0.1023       540
