              precision    recall  f1-score   support

           0     0.1651    1.0000    0.2835       108
           1     0.0000    0.0000    0.0000        84
           2     0.0000    0.0000    0.0000        62
           3     0.0000    0.0000    0.0000        76
           4     0.0000    0.0000    0.0000        59
           5     0.0000    0.0000    0.0000        45
           6     0.0000    0.0000    0.0000        37
           7     0.0000    0.0000    0.0000        41
           8     0.0000    0.0000    0.0000        69
           9     0.0000    0.0000    0.0000        74

    accuracy                         0.1649       655
   macro avg     0.0165    0.1000    0.0283       655
weighted avg     0.0272    0.1649    0.0467       655
