              precision    recall  f1-score   support

           0     1.0000    0.1667    0.2857         6
           1     0.4000    0.3333    0.3636         6
           2     0.6000    0.3750    0.4615         8
           3     0.2778    0.5556    0.3704         9
           4     0.7500    0.4286    0.5455         7
           5     0.0000    0.0000    0.0000         7
           6     0.6000    0.5000    0.5455         6
           7     0.0000    0.0000    0.0000         5
           8     0.4615    0.5000    0.4800        12
           9     0.2500    0.2222    0.2353         9

    accuracy                         0.3333        75
   macro avg     0.4339    0.3081    0.3287        75
weighted avg     0.4312    0.3333    0.3452        75
