              precision    recall  f1-score   support

           0     0.1671    0.5648    0.2579       108
           1     0.2000    0.0238    0.0426        84
           2     0.0000    0.0000    0.0000        62
           3     0.0000    0.0000    0.0000        76
           4     0.0000    0.0000    0.0000        59
           5     0.0000    0.0000    0.0000        45
           6     0.0000    0.0000    0.0000        37
           7     0.1667    0.0976    0.1231        41
           8     0.1538    0.5217    0.2376        69
           9     0.2500    0.0541    0.0889        74

    accuracy                         0.1634       655
   macro avg     0.0938    0.1262    0.0750       655
weighted avg     0.1081    0.1634    0.0908       655
