              precision    recall  f1-score   support

           0     0.2941    0.1974    0.2362        76
           1     0.2625    0.3889    0.3134        54
           2     0.1978    0.2308    0.2130        78
           3     0.5909    0.2167    0.3171        60
           4     0.3582    0.5106    0.4211        47
           5     0.4000    0.1143    0.1778        35
           6     0.2174    0.3947    0.2804        38
           7     0.2818    0.4079    0.3333        76
           8     0.2500    0.1316    0.1724        76

    accuracy                         0.2796       540
   macro avg     0.3170    0.2881    0.2739       540
weighted avg     0.3091    0.2796    0.2697       540
