              precision    recall  f1-score   support

           0     0.2353    0.2105    0.2222        76
           1     0.1520    0.4815    0.2311        54
           2     0.0000    0.0000    0.0000        78
           3     0.4545    0.0833    0.1408        60
           4     0.2083    0.1064    0.1408        47
           5     0.0000    0.0000    0.0000        35
           6     0.1585    0.6842    0.2574        38
           7     0.3824    0.1711    0.2364        76
           8     0.2388    0.2105    0.2238        76

    accuracy                         0.1981       540
   macro avg     0.2033    0.2164    0.1614       540
weighted avg     0.2155    0.1981    0.1652       540
