              precision    recall  f1-score   support

           1     1.0000    1.0000    1.0000        15
           2     0.6818    1.0000    0.8108        15
           3     0.6667    0.5333    0.5926        15
           4     1.0000    0.7333    0.8462        15
           5     1.0000    1.0000    1.0000        15
           6     0.5556    1.0000    0.7143        15
           7     0.0000    0.0000    0.0000        15
           8     0.8333    1.0000    0.9091        15
           9     1.0000    1.0000    1.0000        15

    accuracy                         0.8074       135
   macro avg     0.7486    0.8074    0.7637       135
weighted avg     0.7486    0.8074    0.7637       135
