              precision    recall  f1-score   support

           0     0.1892    0.1842    0.1867        76
           1     0.2069    0.2222    0.2143        54
           2     0.0714    0.0385    0.0500        78
           3     0.5000    0.1167    0.1892        60
           4     0.3261    0.3191    0.3226        47
           5     0.3125    0.1429    0.1961        35
           6     0.2323    0.6053    0.3358        38
           7     0.2087    0.3158    0.2513        76
           8     0.1711    0.1711    0.1711        76

    accuracy                         0.2148       540
   macro avg     0.2465    0.2351    0.2130       540
weighted avg     0.2316    0.2148    0.1998       540
