              precision    recall  f1-score   support

           0     0.2437    0.3611    0.2910       108
           1     0.2609    0.0714    0.1121        84
           2     0.6000    0.1935    0.2927        62
           3     0.1770    0.2632    0.2116        76
           4     0.3659    0.2542    0.3000        59
           5     0.3922    0.4444    0.4167        45
           6     0.5000    0.1622    0.2449        37
           7     0.3433    0.5610    0.4259        41
           8     0.3243    0.3478    0.3357        69
           9     0.2979    0.3784    0.3333        74

    accuracy                         0.2947       655
   macro avg     0.3505    0.3037    0.2964       655
weighted avg     0.3284    0.2947    0.2838       655
