              precision    recall  f1-score   support

           0     0.7500    0.5000    0.6000         6
           1     0.8000    0.6667    0.7273         6
           2     0.6250    0.6250    0.6250         8
           3     0.7273    0.8889    0.8000         9
           4     0.6667    0.8571    0.7500         7
           5     0.2500    0.4286    0.3158         7
           6     0.6000    0.5000    0.5455         6
           7     0.5000    0.4000    0.4444         5
           8     0.9000    0.7500    0.8182        12
           9     0.7143    0.5556    0.6250         9

    accuracy                         0.6400        75
   macro avg     0.6533    0.6172    0.6251        75
weighted avg     0.6745    0.6400    0.6475        75
