              precision    recall  f1-score   support

           0     0.4054    0.3947    0.4000        76
           1     0.2100    0.3889    0.2727        54
           2     0.3333    0.1795    0.2333        78
           3     0.8000    0.3333    0.4706        60
           4     0.4545    0.6383    0.5310        47
           5     0.6875    0.3143    0.4314        35
           6     0.4571    0.4211    0.4384        38
           7     0.6078    0.4079    0.4882        76
           8     0.3053    0.5263    0.3865        76

    accuracy                         0.3944       540
   macro avg     0.4735    0.4005    0.4058       540
weighted avg     0.4599    0.3944    0.3977       540
